(30,20)
(0,0,16,16:1,11)    (16,0,16,16:1,11)   (32,0,16,16:1,11)   (48,0,16,16:1,11)   (64,0,16,16:1,11)   (80,0,16,16:1,6)    (96,0,16,16:1,6)    (112,0,16,16:1,6)   (128,0,16,16:1,6)   (144,0,16,16:1,6)   (160,0,16,16:1,6)   (176,0,16,16:1,6)   (192,0,16,16:1,6)   (208,0,16,16:1,6)   (224,0,16,16:1,6)   (240,0,16,16:1,6)   (256,0,16,16:1,6)   (272,0,16,16:1,6)   (288,0,16,16:1,6)   (304,0,16,16:1,6)   (320,0,16,16:1,6)   (336,0,16,16:1,6)   (352,0,16,16:1,6)   (368,0,16,16:1,6)   (384,0,16,16:1,6)   (400,0,16,16:1,6)   (416,0,16,16:1,6)   (432,0,16,16:1,6)   (448,0,16,16:1,6)   (464,0,16,16:1,6)   
(0,16,16,16:1,6)    (16,16,16,16:1,6)   (32,16,16,16:1,6)   (48,16,16,16:1,6)   (64,16,16,16:1,6)   (80,16,16,16:1,6)   (96,16,16,16:1,6)   (112,16,16,16:1,6)  (128,16,16,16:1,6)  (144,16,16,16:1,6)  (160,16,16,16:1,6)  (176,16,16,16:1,6)  (192,16,16,16:1,6)  (208,16,16,16:1,6)  (224,16,16,16:1,6)  (240,16,16,16:1,6)  (256,16,16,16:1,6)  (272,16,16,16:1,6)  (288,16,16,16:1,6)  (304,16,16,16:1,6)  (320,16,16,16:1,6)  (336,16,16,16:1,6)  (352,16,16,16:1,6)  (368,16,16,16:1,6)  (384,16,16,16:1,6)  (400,16,16,16:1,6)  (416,16,16,16:1,6)  (432,16,16,16:1,6)  (448,16,16,16:1,6)  (464,16,16,16:1,6)  
(0,32,16,16:1,6)    (16,32,16,16:0,0)   (32,32,16,16:0,0)   (48,32,16,16:0,0)   (64,32,16,16:0,0)   (80,32,16,16:0,0)   (96,32,16,16:0,0)   (112,32,16,16:0,0)  (128,32,16,16:0,0)  (144,32,16,16:0,0)  (160,32,16,16:0,0)  (176,32,16,16:0,0)  (192,32,16,16:0,0)  (208,32,16,16:0,0)  (224,32,16,16:0,0)  (240,32,16,16:1,10) (256,32,16,16:0,0)  (272,32,16,16:0,0)  (288,32,16,16:0,0)  (304,32,16,16:0,0)  (320,32,16,16:0,0)  (336,32,16,16:0,0)  (352,32,16,16:4,18) (368,32,16,16:0,0)  (384,32,16,16:0,0)  (400,32,16,16:0,0)  (416,32,16,16:0,0)  (432,32,16,16:0,6)  (448,32,16,16:0,0)  (464,32,16,16:1,6)  
(0,48,16,16:1,6)    (16,48,16,16:0,0)   (32,48,16,16:0,0)   (48,48,16,16:0,0)   (64,48,16,16:0,0)   (80,48,16,16:0,0)   (96,48,16,16:0,0)   (112,48,16,16:0,0)  (128,48,16,16:0,0)  (144,48,16,16:0,0)  (160,48,16,16:0,0)  (176,48,16,16:0,0)  (192,48,16,16:0,0)  (208,48,16,16:0,0)  (224,48,16,16:0,0)  (240,48,16,16:1,10) (256,48,16,16:0,0)  (272,48,16,16:0,0)  (288,48,16,16:1,10) (304,48,16,16:1,10) (320,48,16,16:1,10) (336,48,16,16:0,0)  (352,48,16,16:0,0)  (368,48,16,16:0,0)  (384,48,16,16:1,10) (400,48,16,16:0,0)  (416,48,16,16:0,0)  (432,48,16,16:0,0)  (448,48,16,16:0,0)  (464,48,16,16:1,6)  
(0,64,16,16:1,6)    (16,64,16,16:0,0)   (32,64,16,16:0,0)   (48,64,16,16:0,0)   (64,64,16,16:0,0)   (80,64,16,16:0,0)   (96,64,16,16:0,0)   (112,64,16,16:0,0)  (128,64,16,16:0,0)  (144,64,16,16:0,0)  (160,64,16,16:0,0)  (176,64,16,16:0,0)  (192,64,16,16:0,0)  (208,64,16,16:0,0)  (224,64,16,16:0,0)  (240,64,16,16:1,10) (256,64,16,16:0,0)  (272,64,16,16:0,0)  (288,64,16,16:1,10) (304,64,16,16:1,10) (320,64,16,16:1,10) (336,64,16,16:1,10) (352,64,16,16:0,0)  (368,64,16,16:0,0)  (384,64,16,16:1,10) (400,64,16,16:0,0)  (416,64,16,16:0,0)  (432,64,16,16:0,0)  (448,64,16,16:0,0)  (464,64,16,16:1,6)  
(0,80,16,16:1,11)   (16,80,16,16:0,0)   (32,80,16,16:0,0)   (48,80,16,16:0,0)   (64,80,16,16:0,0)   (80,80,16,16:0,0)   (96,80,16,16:0,0)   (112,80,16,16:0,0)  (128,80,16,16:0,0)  (144,80,16,16:0,0)  (160,80,16,16:1,10) (176,80,16,16:0,0)  (192,80,16,16:0,0)  (208,80,16,16:0,0)  (224,80,16,16:0,0)  (240,80,16,16:1,10) (256,80,16,16:0,0)  (272,80,16,16:0,0)  (288,80,16,16:0,0)  (304,80,16,16:0,0)  (320,80,16,16:1,10) (336,80,16,16:1,10) (352,80,16,16:1,10) (368,80,16,16:1,10) (384,80,16,16:1,10) (400,80,16,16:0,0)  (416,80,16,16:0,0)  (432,80,16,16:0,0)  (448,80,16,16:0,0)  (464,80,16,16:1,6)  
(0,96,16,16:1,11)   (16,96,16,16:0,0)   (32,96,16,16:0,0)   (48,96,16,16:0,0)   (64,96,16,16:0,0)   (80,96,16,16:0,0)   (96,96,16,16:0,0)   (112,96,16,16:0,0)  (128,96,16,16:0,0)  (144,96,16,16:1,10) (160,96,16,16:1,10) (176,96,16,16:0,0)  (192,96,16,16:0,0)  (208,96,16,16:0,0)  (224,96,16,16:0,0)  (240,96,16,16:1,10) (256,96,16,16:1,10) (272,96,16,16:0,0)  (288,96,16,16:0,0)  (304,96,16,16:0,0)  (320,96,16,16:0,0)  (336,96,16,16:1,10) (352,96,16,16:1,10) (368,96,16,16:1,10) (384,96,16,16:1,10) (400,96,16,16:0,0)  (416,96,16,16:0,0)  (432,96,16,16:0,0)  (448,96,16,16:0,0)  (464,96,16,16:1,6)  
(0,112,16,16:1,11)  (16,112,16,16:0,0)  (32,112,16,16:0,0)  (48,112,16,16:0,0)  (64,112,16,16:0,0)  (80,112,16,16:0,0)  (96,112,16,16:0,0)  (112,112,16,16:0,0) (128,112,16,16:1,10)(144,112,16,16:1,10)(160,112,16,16:1,10)(176,112,16,16:0,0) (192,112,16,16:0,0) (208,112,16,16:0,0) (224,112,16,16:0,0) (240,112,16,16:1,10)(256,112,16,16:1,0) (272,112,16,16:1,10)(288,112,16,16:1,10)(304,112,16,16:0,0) (320,112,16,16:0,0) (336,112,16,16:0,0) (352,112,16,16:0,0) (368,112,16,16:1,10)(384,112,16,16:1,10)(400,112,16,16:0,0) (416,112,16,16:0,0) (432,112,16,16:0,0) (448,112,16,16:0,0) (464,112,16,16:1,6) 
(0,128,16,16:1,11)  (16,128,16,16:0,0)  (32,128,16,16:0,0)  (48,128,16,16:0,0)  (64,128,16,16:0,0)  (80,128,16,16:0,0)  (96,128,16,16:0,0)  (112,128,16,16:1,10)(128,128,16,16:1,10)(144,128,16,16:1,10)(160,128,16,16:1,10)(176,128,16,16:0,0) (192,128,16,16:0,0) (208,128,16,16:0,0) (224,128,16,16:0,0) (240,128,16,16:1,10)(256,128,16,16:1,0) (272,128,16,16:1,0) (288,128,16,16:1,10)(304,128,16,16:0,0) (320,128,16,16:0,0) (336,128,16,16:0,0) (352,128,16,16:0,0) (368,128,16,16:1,10)(384,128,16,16:1,10)(400,128,16,16:0,0) (416,128,16,16:0,0) (432,128,16,16:0,0) (448,128,16,16:0,0) (464,128,16,16:1,6) 
(0,144,16,16:1,11)  (16,144,16,16:1,10) (32,144,16,16:1,10) (48,144,16,16:1,10) (64,144,16,16:1,10) (80,144,16,16:0,0)  (96,144,16,16:1,10) (112,144,16,16:1,10)(128,144,16,16:1,10)(144,144,16,16:1,10)(160,144,16,16:1,10)(176,144,16,16:1,10)(192,144,16,16:1,10)(208,144,16,16:1,10)(224,144,16,16:0,0) (240,144,16,16:1,10)(256,144,16,16:1,10)(272,144,16,16:1,10)(288,144,16,16:1,10)(304,144,16,16:1,10)(320,144,16,16:1,10)(336,144,16,16:1,10)(352,144,16,16:0,0) (368,144,16,16:0,0) (384,144,16,16:1,10)(400,144,16,16:1,10)(416,144,16,16:1,10)(432,144,16,16:0,0) (448,144,16,16:0,0) (464,144,16,16:1,6) 
(0,160,16,16:1,11)  (16,160,16,16:0,0)  (32,160,16,16:0,0)  (48,160,16,16:0,0)  (64,160,16,16:0,0)  (80,160,16,16:0,0)  (96,160,16,16:0,0)  (112,160,16,16:4,16)(128,160,16,16:4,16)(144,160,16,16:4,16)(160,160,16,16:4,16)(176,160,16,16:4,16)(192,160,16,16:4,16)(208,160,16,16:1,10)(224,160,16,16:0,0) (240,160,16,16:0,0) (256,160,16,16:0,0) (272,160,16,16:0,0) (288,160,16,16:0,0) (304,160,16,16:0,0) (320,160,16,16:0,0) (336,160,16,16:0,0) (352,160,16,16:0,0) (368,160,16,16:0,0) (384,160,16,16:1,10)(400,160,16,16:0,0) (416,160,16,16:0,0) (432,160,16,16:0,0) (448,160,16,16:1,10)(464,160,16,16:1,6) 
(0,176,16,16:1,11)  (16,176,16,16:0,0)  (32,176,16,16:0,0)  (48,176,16,16:0,0)  (64,176,16,16:0,0)  (80,176,16,16:0,0)  (96,176,16,16:0,0)  (112,176,16,16:0,0) (128,176,16,16:0,0) (144,176,16,16:0,0) (160,176,16,16:0,0) (176,176,16,16:0,0) (192,176,16,16:0,0) (208,176,16,16:1,10)(224,176,16,16:0,0) (240,176,16,16:0,0) (256,176,16,16:0,0) (272,176,16,16:0,0) (288,176,16,16:0,0) (304,176,16,16:0,0) (320,176,16,16:0,0) (336,176,16,16:1,10)(352,176,16,16:1,10)(368,176,16,16:0,0) (384,176,16,16:1,10)(400,176,16,16:0,10)(416,176,16,16:0,0) (432,176,16,16:0,0) (448,176,16,16:0,10)(464,176,16,16:1,6) 
(0,192,16,16:1,11)  (16,192,16,16:0,0)  (32,192,16,16:0,0)  (48,192,16,16:0,0)  (64,192,16,16:0,0)  (80,192,16,16:0,0)  (96,192,16,16:0,0)  (112,192,16,16:0,0) (128,192,16,16:0,0) (144,192,16,16:0,0) (160,192,16,16:0,0) (176,192,16,16:0,0) (192,192,16,16:0,0) (208,192,16,16:1,10)(224,192,16,16:1,10)(240,192,16,16:1,10)(256,192,16,16:1,10)(272,192,16,16:1,10)(288,192,16,16:1,10)(304,192,16,16:1,10)(320,192,16,16:1,10)(336,192,16,16:1,10)(352,192,16,16:1,10)(368,192,16,16:1,10)(384,192,16,16:1,10)(400,192,16,16:1,10)(416,192,16,16:1,10)(432,192,16,16:0,0) (448,192,16,16:0,0) (464,192,16,16:1,6) 
(0,208,16,16:1,10)  (16,208,16,16:0,0)  (32,208,16,16:0,0)  (48,208,16,16:0,0)  (64,208,16,16:0,0)  (80,208,16,16:0,0)  (96,208,16,16:0,0)  (112,208,16,16:0,0) (128,208,16,16:0,0) (144,208,16,16:0,0) (160,208,16,16:0,0) (176,208,16,16:0,0) (192,208,16,16:0,0) (208,208,16,16:0,0) (224,208,16,16:0,0) (240,208,16,16:0,10)(256,208,16,16:0,10)(272,208,16,16:0,10)(288,208,16,16:0,10)(304,208,16,16:0,10)(320,208,16,16:0,10)(336,208,16,16:0,10)(352,208,16,16:0,10)(368,208,16,16:0,10)(384,208,16,16:3,10)(400,208,16,16:1,10)(416,208,16,16:0,0) (432,208,16,16:0,0) (448,208,16,16:1,10)(464,208,16,16:1,6) 
(0,224,16,16:1,8)   (16,224,16,16:0,0)  (32,224,16,16:0,0)  (48,224,16,16:0,0)  (64,224,16,16:0,0)  (80,224,16,16:0,0)  (96,224,16,16:0,0)  (112,224,16,16:0,0) (128,224,16,16:0,0) (144,224,16,16:0,0) (160,224,16,16:0,0) (176,224,16,16:0,0) (192,224,16,16:0,0) (208,224,16,16:0,0) (224,224,16,16:0,0) (240,224,16,16:0,10)(256,224,16,16:0,10)(272,224,16,16:0,10)(288,224,16,16:0,10)(304,224,16,16:0,10)(320,224,16,16:0,10)(336,224,16,16:0,10)(352,224,16,16:0,10)(368,224,16,16:0,10)(384,224,16,16:0,10)(400,224,16,16:1,10)(416,224,16,16:0,0) (432,224,16,16:0,0) (448,224,16,16:0,0) (464,224,16,16:1,6) 
(0,240,16,16:1,8)   (16,240,16,16:0,0)  (32,240,16,16:0,0)  (48,240,16,16:0,0)  (64,240,16,16:0,0)  (80,240,16,16:0,0)  (96,240,16,16:0,0)  (112,240,16,16:0,0) (128,240,16,16:0,0) (144,240,16,16:0,0) (160,240,16,16:0,0) (176,240,16,16:0,0) (192,240,16,16:0,0) (208,240,16,16:0,0) (224,240,16,16:0,0) (240,240,16,16:1,10)(256,240,16,16:1,10)(272,240,16,16:1,10)(288,240,16,16:1,10)(304,240,16,16:1,10)(320,240,16,16:1,10)(336,240,16,16:1,10)(352,240,16,16:1,10)(368,240,16,16:1,10)(384,240,16,16:1,10)(400,240,16,16:1,10)(416,240,16,16:0,0) (432,240,16,16:0,0) (448,240,16,16:0,0) (464,240,16,16:1,6) 
(0,256,16,16:1,8)   (16,256,16,16:2,0)  (32,256,16,16:0,0)  (48,256,16,16:0,0)  (64,256,16,16:0,0)  (80,256,16,16:0,0)  (96,256,16,16:0,0)  (112,256,16,16:0,0) (128,256,16,16:0,0) (144,256,16,16:0,0) (160,256,16,16:0,0) (176,256,16,16:0,0) (192,256,16,16:0,0) (208,256,16,16:0,0) (224,256,16,16:0,0) (240,256,16,16:0,0) (256,256,16,16:0,0) (272,256,16,16:0,0) (288,256,16,16:0,0) (304,256,16,16:0,0) (320,256,16,16:0,0) (336,256,16,16:0,0) (352,256,16,16:0,0) (368,256,16,16:0,0) (384,256,16,16:0,0) (400,256,16,16:0,0) (416,256,16,16:0,0) (432,256,16,16:0,0) (448,256,16,16:0,0) (464,256,16,16:1,6) 
(0,272,16,16:1,1)   (16,272,16,16:1,1)  (32,272,16,16:1,1)  (48,272,16,16:1,1)  (64,272,16,16:1,1)  (80,272,16,16:1,1)  (96,272,16,16:1,1)  (112,272,16,16:1,1) (128,272,16,16:1,1) (144,272,16,16:1,1) (160,272,16,16:1,1) (176,272,16,16:1,1) (192,272,16,16:1,1) (208,272,16,16:1,1) (224,272,16,16:1,1) (240,272,16,16:1,1) (256,272,16,16:1,1) (272,272,16,16:1,1) (288,272,16,16:1,1) (304,272,16,16:1,1) (320,272,16,16:1,1) (336,272,16,16:1,1) (352,272,16,16:1,1) (368,272,16,16:1,1) (384,272,16,16:1,1) (400,272,16,16:1,1) (416,272,16,16:1,1) (432,272,16,16:1,1) (448,272,16,16:1,1) (464,272,16,16:1,6) 
(0,288,16,16:0,0)   (16,288,16,16:0,0)  (32,288,16,16:0,0)  (48,288,16,16:0,0)  (64,288,16,16:0,0)  (80,288,16,16:0,0)  (96,288,16,16:0,0)  (112,288,16,16:0,0) (128,288,16,16:0,0) (144,288,16,16:0,0) (160,288,16,16:0,0) (176,288,16,16:0,0) (192,288,16,16:0,0) (208,288,16,16:0,0) (224,288,16,16:0,0) (240,288,16,16:0,0) (256,288,16,16:0,0) (272,288,16,16:0,0) (288,288,16,16:0,0) (304,288,16,16:0,0) (320,288,16,16:0,0) (336,288,16,16:0,0) (352,288,16,16:0,0) (368,288,16,16:0,0) (384,288,16,16:0,0) (400,288,16,16:0,0) (416,288,16,16:0,0) (432,288,16,16:0,0) (448,288,16,16:0,0) (464,288,16,16:0,0) 
(0,304,16,16:0,0)   (16,304,16,16:0,0)  (32,304,16,16:0,0)  (48,304,16,16:0,0)  (64,304,16,16:0,0)  (80,304,16,16:0,0)  (96,304,16,16:0,0)  (112,304,16,16:0,0) (128,304,16,16:0,0) (144,304,16,16:0,0) (160,304,16,16:0,0) (176,304,16,16:0,0) (192,304,16,16:0,0) (208,304,16,16:0,0) (224,304,16,16:0,0) (240,304,16,16:0,0) (256,304,16,16:0,0) (272,304,16,16:0,0) (288,304,16,16:0,0) (304,304,16,16:0,0) (320,304,16,16:0,0) (336,304,16,16:0,0) (352,304,16,16:0,0) (368,304,16,16:0,0) (384,304,16,16:0,0) (400,304,16,16:0,0) (416,304,16,16:0,0) (432,304,16,16:0,0) (448,304,16,16:0,0) (464,304,16,16:0,0) 
