(30,19)
(0,0,32,32:1,11)    (32,0,32,32:1,11)   (64,0,32,32:1,11)   (96,0,32,32:1,11)   (128,0,32,32:1,11)  (160,0,32,32:1,6)   (192,0,32,32:1,6)   (224,0,32,32:1,6)   (256,0,32,32:1,6)   (288,0,32,32:1,6)   (320,0,32,32:1,6)   (352,0,32,32:1,6)   (384,0,32,32:1,6)   (416,0,32,32:1,6)   (448,0,32,32:1,6)   (480,0,32,32:1,6)   (512,0,32,32:1,6)   (544,0,32,32:1,6)   (576,0,32,32:1,6)   (608,0,32,32:1,6)   (640,0,32,32:1,6)   (672,0,32,32:1,6)   (704,0,32,32:1,6)   (736,0,32,32:1,6)   (768,0,32,32:1,6)   (800,0,32,32:1,6)   (832,0,32,32:1,6)   (864,0,32,32:1,6)   (896,0,32,32:1,6)   (928,0,32,32:1,6)   
(0,32,32,32:1,6)    (32,32,32,32:1,6)   (64,32,32,32:1,6)   (96,32,32,32:1,6)   (128,32,32,32:1,6)  (160,32,32,32:1,6)  (192,32,32,32:1,6)  (224,32,32,32:1,6)  (256,32,32,32:1,6)  (288,32,32,32:1,6)  (320,32,32,32:1,6)  (352,32,32,32:1,6)  (384,32,32,32:1,6)  (416,32,32,32:1,6)  (448,32,32,32:1,6)  (480,32,32,32:1,6)  (512,32,32,32:1,6)  (544,32,32,32:1,6)  (576,32,32,32:1,6)  (608,32,32,32:1,6)  (640,32,32,32:1,6)  (672,32,32,32:1,6)  (704,32,32,32:1,6)  (736,32,32,32:1,6)  (768,32,32,32:1,6)  (800,32,32,32:1,6)  (832,32,32,32:1,6)  (864,32,32,32:1,6)  (896,32,32,32:1,6)  (928,32,32,32:1,6)  
(0,64,32,32:1,6)    (32,64,32,32:0,0)   (64,64,32,32:0,0)   (96,64,32,32:0,0)   (128,64,32,32:0,0)  (160,64,32,32:0,0)  (192,64,32,32:0,0)  (224,64,32,32:0,0)  (256,64,32,32:0,0)  (288,64,32,32:0,0)  (320,64,32,32:0,0)  (352,64,32,32:0,0)  (384,64,32,32:0,0)  (416,64,32,32:0,0)  (448,64,32,32:0,0)  (480,64,32,32:1,10) (512,64,32,32:0,0)  (544,64,32,32:0,0)  (576,64,32,32:0,0)  (608,64,32,32:0,0)  (640,64,32,32:0,0)  (672,64,32,32:0,0)  (704,64,32,32:4,18) (736,64,32,32:0,0)  (768,64,32,32:0,0)  (800,64,32,32:0,0)  (832,64,32,32:0,0)  (864,64,32,32:0,6)  (896,64,32,32:0,0)  (928,64,32,32:1,6)  
(0,96,32,32:1,6)    (32,96,32,32:0,0)   (64,96,32,32:0,0)   (96,96,32,32:0,0)   (128,96,32,32:0,0)  (160,96,32,32:0,0)  (192,96,32,32:0,0)  (224,96,32,32:0,0)  (256,96,32,32:0,0)  (288,96,32,32:0,0)  (320,96,32,32:0,0)  (352,96,32,32:0,0)  (384,96,32,32:0,0)  (416,96,32,32:0,0)  (448,96,32,32:0,0)  (480,96,32,32:1,10) (512,96,32,32:0,0)  (544,96,32,32:0,0)  (576,96,32,32:1,10) (608,96,32,32:1,10) (640,96,32,32:1,10) (672,96,32,32:0,0)  (704,96,32,32:0,0)  (736,96,32,32:0,0)  (768,96,32,32:1,10) (800,96,32,32:0,0)  (832,96,32,32:0,0)  (864,96,32,32:0,0)  (896,96,32,32:0,0)  (928,96,32,32:1,6)  
(0,128,32,32:1,6)   (32,128,32,32:0,0)  (64,128,32,32:0,0)  (96,128,32,32:0,0)  (128,128,32,32:0,0) (160,128,32,32:0,0) (192,128,32,32:0,0) (224,128,32,32:0,0) (256,128,32,32:0,0) (288,128,32,32:0,0) (320,128,32,32:0,0) (352,128,32,32:0,0) (384,128,32,32:0,0) (416,128,32,32:0,0) (448,128,32,32:0,0) (480,128,32,32:1,10)(512,128,32,32:0,0) (544,128,32,32:0,0) (576,128,32,32:1,10)(608,128,32,32:1,10)(640,128,32,32:1,10)(672,128,32,32:1,10)(704,128,32,32:0,0) (736,128,32,32:0,0) (768,128,32,32:1,10)(800,128,32,32:0,0) (832,128,32,32:0,0) (864,128,32,32:0,0) (896,128,32,32:0,0) (928,128,32,32:1,6) 
(0,160,32,32:1,11)  (32,160,32,32:0,0)  (64,160,32,32:0,0)  (96,160,32,32:0,0)  (128,160,32,32:0,0) (160,160,32,32:0,0) (192,160,32,32:0,0) (224,160,32,32:0,0) (256,160,32,32:0,0) (288,160,32,32:0,0) (320,160,32,32:1,10)(352,160,32,32:0,0) (384,160,32,32:0,0) (416,160,32,32:0,0) (448,160,32,32:0,0) (480,160,32,32:1,10)(512,160,32,32:0,0) (544,160,32,32:0,0) (576,160,32,32:0,0) (608,160,32,32:0,0) (640,160,32,32:1,10)(672,160,32,32:1,10)(704,160,32,32:1,10)(736,160,32,32:1,10)(768,160,32,32:1,10)(800,160,32,32:0,0) (832,160,32,32:0,0) (864,160,32,32:0,0) (896,160,32,32:0,0) (928,160,32,32:1,6) 
(0,192,32,32:1,11)  (32,192,32,32:0,0)  (64,192,32,32:0,0)  (96,192,32,32:0,0)  (128,192,32,32:0,0) (160,192,32,32:0,0) (192,192,32,32:0,0) (224,192,32,32:0,0) (256,192,32,32:0,0) (288,192,32,32:1,10)(320,192,32,32:1,10)(352,192,32,32:0,0) (384,192,32,32:0,0) (416,192,32,32:0,0) (448,192,32,32:0,0) (480,192,32,32:1,10)(512,192,32,32:1,10)(544,192,32,32:0,0) (576,192,32,32:0,0) (608,192,32,32:0,0) (640,192,32,32:0,0) (672,192,32,32:1,10)(704,192,32,32:1,10)(736,192,32,32:1,10)(768,192,32,32:1,10)(800,192,32,32:0,0) (832,192,32,32:0,0) (864,192,32,32:0,0) (896,192,32,32:0,0) (928,192,32,32:1,6) 
(0,224,32,32:1,11)  (32,224,32,32:0,0)  (64,224,32,32:0,0)  (96,224,32,32:0,0)  (128,224,32,32:0,0) (160,224,32,32:0,0) (192,224,32,32:0,0) (224,224,32,32:0,0) (256,224,32,32:1,10)(288,224,32,32:1,10)(320,224,32,32:1,10)(352,224,32,32:0,0) (384,224,32,32:0,0) (416,224,32,32:0,0) (448,224,32,32:0,0) (480,224,32,32:1,10)(512,224,32,32:1,0) (544,224,32,32:1,10)(576,224,32,32:1,10)(608,224,32,32:0,0) (640,224,32,32:0,0) (672,224,32,32:0,0) (704,224,32,32:0,0) (736,224,32,32:1,10)(768,224,32,32:1,10)(800,224,32,32:0,0) (832,224,32,32:0,0) (864,224,32,32:0,0) (896,224,32,32:0,0) (928,224,32,32:1,6) 
(0,256,32,32:1,11)  (32,256,32,32:0,0)  (64,256,32,32:0,0)  (96,256,32,32:0,0)  (128,256,32,32:0,0) (160,256,32,32:0,0) (192,256,32,32:0,0) (224,256,32,32:1,10)(256,256,32,32:1,10)(288,256,32,32:1,10)(320,256,32,32:1,10)(352,256,32,32:0,0) (384,256,32,32:0,0) (416,256,32,32:0,0) (448,256,32,32:0,0) (480,256,32,32:1,10)(512,256,32,32:1,0) (544,256,32,32:1,0) (576,256,32,32:1,10)(608,256,32,32:0,0) (640,256,32,32:0,0) (672,256,32,32:0,0) (704,256,32,32:0,0) (736,256,32,32:1,10)(768,256,32,32:1,10)(800,256,32,32:0,0) (832,256,32,32:0,0) (864,256,32,32:0,0) (896,256,32,32:0,0) (928,256,32,32:1,6) 
(0,288,32,32:1,11)  (32,288,32,32:1,10) (64,288,32,32:1,10) (96,288,32,32:1,10) (128,288,32,32:1,10)(160,288,32,32:0,0) (192,288,32,32:1,10)(224,288,32,32:1,10)(256,288,32,32:1,10)(288,288,32,32:1,10)(320,288,32,32:1,10)(352,288,32,32:1,10)(384,288,32,32:1,10)(416,288,32,32:1,10)(448,288,32,32:0,0) (480,288,32,32:1,10)(512,288,32,32:1,10)(544,288,32,32:1,10)(576,288,32,32:1,10)(608,288,32,32:1,10)(640,288,32,32:1,10)(672,288,32,32:1,10)(704,288,32,32:0,0) (736,288,32,32:0,0) (768,288,32,32:1,10)(800,288,32,32:1,10)(832,288,32,32:1,10)(864,288,32,32:0,0) (896,288,32,32:0,0) (928,288,32,32:1,6) 
(0,320,32,32:1,11)  (32,320,32,32:0,0)  (64,320,32,32:0,0)  (96,320,32,32:0,0)  (128,320,32,32:0,0) (160,320,32,32:0,0) (192,320,32,32:0,0) (224,320,32,13:4,16)(256,320,32,14:4,16)(288,320,32,14:4,16)(320,320,32,14:4,16)(352,320,32,13:4,16)(384,320,32,14:4,16)(416,320,32,32:1,10)(448,320,32,32:0,0) (480,320,32,32:0,0) (512,320,32,32:0,0) (544,320,32,32:0,0) (576,320,32,32:0,0) (608,320,32,32:0,0) (640,320,32,32:0,0) (672,320,32,32:0,0) (704,320,32,32:0,0) (736,320,32,32:0,0) (768,320,32,32:1,10)(800,320,32,32:0,0) (832,320,32,32:0,0) (864,320,32,32:0,0) (896,320,32,32:1,10)(928,320,32,32:1,6) 
(0,352,32,32:1,11)  (32,352,32,32:0,0)  (64,352,32,32:0,0)  (96,352,32,32:0,0)  (128,352,32,32:0,0) (160,352,32,32:0,0) (192,352,32,32:0,0) (224,352,32,32:0,0) (256,352,32,32:0,0) (288,352,32,32:0,0) (320,352,32,32:0,0) (352,352,32,32:0,0) (384,352,32,32:0,0) (416,352,32,32:1,10)(448,352,32,32:0,0) (480,352,32,32:0,0) (512,352,32,32:0,0) (544,352,32,32:0,0) (576,352,32,32:0,0) (608,352,32,32:0,0) (640,352,32,32:0,0) (672,352,32,32:1,10)(704,352,32,32:1,10)(736,352,32,32:0,0) (768,352,32,32:1,10)(800,352,32,32:0,10)(832,352,32,32:0,0) (864,352,32,32:0,0) (896,352,32,32:0,10)(928,352,32,32:1,6) 
(0,384,32,32:1,11)  (32,384,32,32:0,0)  (64,384,32,32:0,0)  (96,384,32,32:0,0)  (128,384,32,32:0,0) (160,384,32,32:0,0) (192,384,32,32:0,0) (224,384,32,32:0,0) (256,384,32,32:0,0) (288,384,32,32:0,0) (320,384,32,32:0,0) (352,384,32,32:0,0) (384,384,32,32:0,0) (416,384,32,32:1,10)(448,384,32,32:1,10)(480,384,32,32:1,10)(512,384,32,32:1,10)(544,384,32,32:1,10)(576,384,32,32:1,10)(608,384,32,32:1,10)(640,384,32,32:1,10)(672,384,32,32:1,10)(704,384,32,32:1,10)(736,384,32,32:1,10)(768,384,32,32:1,10)(800,384,32,32:1,10)(832,384,32,32:1,10)(864,384,32,32:0,0) (896,384,32,32:0,0) (928,384,32,32:1,6) 
(0,416,32,32:1,10)  (32,416,32,32:0,0)  (64,416,32,32:0,0)  (96,416,32,32:0,0)  (128,416,32,32:0,0) (160,416,32,32:0,0) (192,416,32,32:0,0) (224,416,32,32:0,0) (256,416,32,32:0,0) (288,416,32,32:0,0) (320,416,32,32:0,0) (352,416,32,32:0,0) (384,416,32,32:0,0) (416,416,32,32:0,0) (448,416,32,32:0,0) (480,416,32,32:0,10)(512,416,32,32:0,10)(544,416,32,32:0,10)(576,416,32,32:0,10)(608,416,32,32:0,10)(640,416,32,32:0,10)(672,416,32,32:0,10)(704,416,32,32:0,10)(736,416,32,32:0,10)(768,416,32,32:3,10)(800,416,32,32:1,10)(832,416,32,32:0,0) (864,416,32,32:0,0) (896,416,32,32:1,10)(928,416,32,32:1,6) 
(0,448,32,32:1,8)   (32,448,32,32:0,0)  (64,448,32,32:0,0)  (96,448,32,32:0,0)  (128,448,32,32:0,0) (160,448,32,32:0,0) (192,448,32,32:0,0) (224,448,32,32:0,0) (256,448,32,32:0,0) (288,448,32,32:0,0) (320,448,32,32:0,0) (352,448,32,32:0,0) (384,448,32,32:0,0) (416,448,32,32:0,0) (448,448,32,32:0,0) (480,448,32,32:0,10)(512,448,32,32:0,10)(544,448,32,32:0,10)(576,448,32,32:0,10)(608,448,32,32:0,10)(640,448,32,32:0,10)(672,448,32,32:0,10)(704,448,32,32:0,10)(736,448,32,32:0,10)(768,448,32,32:0,10)(800,448,32,32:1,10)(832,448,32,32:0,0) (864,448,32,32:0,0) (896,448,32,32:0,0) (928,448,32,32:1,6) 
(0,480,32,32:1,8)   (32,480,32,32:0,0)  (64,480,32,32:0,0)  (96,480,32,32:0,0)  (128,480,32,32:0,0) (160,480,32,32:0,0) (192,480,32,32:0,0) (224,480,32,32:0,0) (256,480,32,32:0,0) (288,480,32,32:0,0) (320,480,32,32:0,0) (352,480,32,32:0,0) (384,480,32,32:0,0) (416,480,32,32:0,0) (448,480,32,32:0,0) (480,480,32,32:1,10)(512,480,32,32:1,10)(544,480,32,32:1,10)(576,480,32,32:1,10)(608,480,32,32:1,10)(640,480,32,32:1,10)(672,480,32,32:1,10)(704,480,32,32:1,10)(736,480,32,32:1,10)(768,480,32,32:1,10)(800,480,32,32:1,10)(832,480,32,32:0,0) (864,480,32,32:0,0) (896,480,32,32:0,0) (928,480,32,32:1,6) 
(0,512,32,32:1,8)   (32,512,32,32:2,0)  (64,512,32,32:0,0)  (96,512,32,32:0,0)  (128,512,32,32:0,0) (160,512,32,32:0,0) (192,512,32,32:0,0) (224,512,32,32:0,0) (256,512,32,32:0,0) (288,512,32,32:0,0) (320,512,32,32:0,0) (352,512,32,32:0,0) (384,512,32,32:0,0) (416,512,32,32:0,0) (448,512,32,32:0,0) (480,512,32,32:0,0) (512,512,32,32:0,0) (544,512,32,32:0,0) (576,512,32,32:0,0) (608,512,32,32:0,0) (640,512,32,32:0,0) (672,512,32,32:0,0) (704,512,32,32:0,0) (736,512,32,32:0,0) (768,512,32,32:0,0) (800,512,32,32:0,0) (832,512,32,32:0,0) (864,512,32,32:0,0) (896,512,32,32:0,0) (928,512,32,32:1,6) 
(0,544,32,32:1,1)   (32,544,32,32:1,1)  (64,544,32,32:1,1)  (96,544,32,32:1,1)  (128,544,32,32:1,1) (160,544,32,32:1,1) (192,544,32,32:1,1) (224,544,32,32:1,1) (256,544,32,32:1,1) (288,544,32,32:1,1) (320,544,32,32:1,1) (352,544,32,32:1,1) (384,544,32,32:1,1) (416,544,32,32:1,1) (448,544,32,32:1,1) (480,544,32,32:1,1) (512,544,32,32:1,1) (544,544,32,32:1,1) (576,544,32,32:1,1) (608,544,32,32:1,1) (640,544,32,32:1,1) (672,544,32,32:1,1) (704,544,32,32:1,1) (736,544,32,32:1,1) (768,544,32,32:1,1) (800,544,32,32:1,1) (832,544,32,32:1,1) (864,544,32,32:1,1) (896,544,32,32:1,1) (928,544,32,32:1,6) 
(0,576,32,32:1,1)   (32,576,32,32:1,1)  (64,576,32,32:1,1)  (96,576,32,32:1,1)  (128,576,32,32:1,1) (160,576,32,32:1,1) (192,576,32,32:1,1) (224,576,32,32:1,1) (256,576,32,32:1,1) (288,576,32,32:1,1) (320,576,32,32:1,1) (352,576,32,32:1,1) (384,576,32,32:1,1) (416,576,32,32:1,1) (448,576,32,32:1,1) (480,576,32,32:1,1) (512,576,32,32:1,1) (544,576,32,32:1,1) (576,576,32,32:1,1) (608,576,32,32:1,1) (640,576,32,32:1,1) (672,576,32,32:1,1) (704,576,32,32:1,1) (736,576,32,32:1,1) (768,576,32,32:1,1) (800,576,32,32:1,1) (832,576,32,32:1,1) (864,576,32,32:1,1) (896,576,32,32:1,1) (928,576,32,32:1,1) 
